26
1   0   0   0.0000000000000000e+00   1.0000000000000000e-03   0                        
1   0   0   2.0000000000000000e+00   2.0000000000000001e-01   0                        
1   0   0   4.0000000000000000e+00   4.0000000000000002e-01   0                        
1   0   0   6.0000000000000000e+00   5.9999999999999998e-01   0                        
1   0   0   8.0000000000000000e+00   8.0000000000000004e-01   0                        
1   1   0   0.0000000000000000e+00   1.0000000000000000e-03   0                        
1   1   0   1.0000000000000000e+00   2.0000000000000001e-01   0                        
1   1   0   2.0000000000000000e+00   4.0000000000000002e-01   0                        
1   1   0   4.0000000000000000e+00   5.9999999999999998e-01   0                        
1   1   0   6.0000000000000000e+00   8.0000000000000004e-01   0                        
1   1   0   8.0000000000000000e+00   1.0000000000000000e+00   0                        
1   1   0   1.0000000000000000e+01   1.2000000000000000e+00   0                        
2   0   1   1.0000000000000000e+00   1.0000000000000000e-03   1.0000000000000000e+00   
2   0   1   -1.0000000000000000e+00  1.0000000000000000e-03   1.0000000000000000e+00   
2   0   1   1.0000000000000000e+00   1.0000000000000000e-03   6.0000000000000000e+00   
2   0   1   -1.0000000000000000e+00  1.0000000000000000e-03   6.0000000000000000e+00   
2   1   1   1.0000000000000000e+00   1.0000000000000000e-03   1.0000000000000000e+00   
2   1   1   1.0000000000000000e+00   1.2500000000000000e-01   1.0000000000000000e+00   
2   1   1   1.0000000000000000e+00   2.9999999999999999e-01   1.0000000000000000e+00   
2   1   1   1.0000000000000000e+00   1.0000000000000000e-03   1.0000000000000000e+00   
2   1   1   -1.0000000000000000e+00  1.4999999999999999e-01   1.0000000000000000e+00   
2   1   1   -1.0000000000000000e+00  3.4999999999999998e-01   1.0000000000000000e+00   
2   1   1   -1.0000000000000000e+00  5.0000000000000003e-02   3.0000000000000000e+00   
2   1   1   -1.0000000000000000e+00  2.2500000000000001e-01   3.0000000000000000e+00   
2   1   1   -1.0000000000000000e+00  1.0000000000000000e-03   7.0000000000000000e+00   
2   1   1   -1.0000000000000000e+00  1.0000000000000001e-01   9.0000000000000000e+00   
30
1   0   0   0.0000000000000000e+00   1.0000000000000000e-03   0                        
1   0   0   1.0000000000000000e+00   1.4999999999999999e-01   0                        
1   0   0   3.0000000000000000e+00   4.0000000000000002e-01   0                        
1   0   0   5.0000000000000000e+00   6.9999999999999996e-01   0                        
1   0   0   7.0000000000000000e+00   9.0000000000000002e-01   0                        
1   0   0   9.0000000000000000e+00   1.1000000000000001e+00   0                        
1   1   0   0.0000000000000000e+00   2.0000000000000001e-01   0                        
1   1   0   1.0000000000000000e+00   1.0000000000000000e-03   0                        
1   1   0   2.0000000000000000e+00   5.0000000000000003e-02   0                        
1   1   0   3.0000000000000000e+00   2.0000000000000001e-01   0                        
1   1   0   5.0000000000000000e+00   4.0000000000000002e-01   0                        
1   1   0   7.0000000000000000e+00   5.9999999999999998e-01   0                        
1   1   0   9.0000000000000000e+00   8.0000000000000004e-01   0                        
1   1   0   1.1000000000000000e+01   1.0000000000000000e+00   0                        
2   0   0   1.0000000000000000e+00   1.0000000000000000e-03   1.0000000000000000e+00   
2   0   0   -1.0000000000000000e+00  1.0000000000000000e-03   1.0000000000000000e+00   
2   0   1   1.0000000000000000e+00   1.0000000000000000e-03   1.0000000000000000e+00   
2   0   1   1.0000000000000000e+00   7.4999999999999997e-02   3.0000000000000000e+00   
2   0   1   1.0000000000000000e+00   1.7499999999999999e-01   5.0000000000000000e+00   
2   0   1   1.0000000000000000e+00   3.2500000000000001e-01   7.0000000000000000e+00   
2   0   1   -1.0000000000000000e+00  1.0000000000000000e-03   1.0000000000000000e+00   
2   0   1   -1.0000000000000000e+00  7.4999999999999997e-02   3.0000000000000000e+00   
2   0   1   -1.0000000000000000e+00  1.7499999999999999e-01   5.0000000000000000e+00   
2   0   1   -1.0000000000000000e+00  3.2500000000000001e-01   7.0000000000000000e+00   
2   1   1   1.0000000000000000e+00   1.0000000000000000e-03   1.0000000000000000e+00   
2   1   1   1.0000000000000000e+00   7.4999999999999997e-02   3.0000000000000000e+00   
2   1   1   1.0000000000000000e+00   2.0000000000000001e-01   5.0000000000000000e+00   
2   1   1   -1.0000000000000000e+00  1.0000000000000000e-03   1.0000000000000000e+00   
2   1   1   -1.0000000000000000e+00  7.4999999999999997e-02   3.0000000000000000e+00   
2   1   1   -1.0000000000000000e+00  1.4999999999999999e-01   5.0000000000000000e+00   
